Table 1: Party Identification and Presidential Votes, 1952-1996
================================================================================

Year     N       Strong           Weak             Leaners          Intercept        LogLik       Pseudo-R2 
---------------------------------------------------------------------------------------------------------
1952     1235     1.564 (0.093)   0.889 (0.075)   0.878 (0.104)   0.582 (0.053)     -534.4  0.36
1956     1266     1.713 (0.097)   0.941 (0.075)   1.017 (0.118)   0.644 (0.055)     -489.8  0.43
1960     898      1.579 (0.107)   0.720 (0.077)   1.214 (0.160)   0.216 (0.055)     -373.7  0.40
1964     1111     1.470 (0.094)   0.548 (0.067)   0.981 (0.122)  -0.339 (0.048)     -448.9  0.36
1968     911      1.770 (0.121)   0.881 (0.080)   0.935 (0.120)   0.442 (0.059)     -363.9  0.42
1972     1587     1.220 (0.079)   0.599 (0.058)   0.726 (0.078)   0.587 (0.040)     -789.8  0.24
1976     1322     1.559 (0.101)   0.743 (0.063)   0.877 (0.085)   0.130 (0.042)     -603.1  0.34
1980     877      1.600 (0.113)   0.924 (0.086)   0.698 (0.107)   0.484 (0.058)     -377.0  0.37
1984     1376     1.594 (0.092)   0.969 (0.072)   1.173 (0.096)   0.448 (0.048)     -515.6  0.45
1988     1195     1.770 (0.107)   0.769 (0.073)   1.095 (0.094)   0.163 (0.048)     -440.6  0.47
1992     1357     1.853 (0.109)   0.906 (0.072)   1.207 (0.092)  -0.111 (0.047)     -446.4  0.52
1996     1034     1.866 (0.120)   1.038 (0.084)   1.066 (0.108)  -0.248 (0.056)     -320.0  0.55

Note: Probit coefficients with standard errors in parentheses; major-party voters only.

================================================================================
Automated Score: 92.8/100

