Table 1: Party Identification and Presidential Votes, 1952-1996
================================================================================

Year     N       Strong           Weak             Leaners          Intercept        LogLik       Pseudo-R2 
---------------------------------------------------------------------------------------------------------
1952     1180     1.596 (0.096)   0.916 (0.077)   0.900 (0.106)   0.627 (0.057)     -493.4  0.38
1956     1264     1.719 (0.098)   0.945 (0.075)   1.019 (0.119)   0.652 (0.056)     -487.1  0.43
1960     882      1.585 (0.108)   0.725 (0.077)   1.215 (0.160)   0.228 (0.056)     -362.0  0.41
1964     1106     1.470 (0.094)   0.547 (0.067)   0.982 (0.122)  -0.343 (0.048)     -445.0  0.36
1968     911      1.770 (0.121)   0.881 (0.080)   0.935 (0.120)   0.442 (0.059)     -363.9  0.42
1972     1587     1.220 (0.079)   0.599 (0.058)   0.726 (0.078)   0.587 (0.040)     -789.8  0.24
1976     1322     1.559 (0.101)   0.743 (0.063)   0.877 (0.085)   0.130 (0.042)     -603.1  0.34
1980     877      1.600 (0.113)   0.924 (0.086)   0.698 (0.107)   0.484 (0.058)     -377.0  0.37
1984     1372     1.593 (0.092)   0.968 (0.072)   1.173 (0.096)   0.446 (0.048)     -513.3  0.45
1988     1193     1.770 (0.107)   0.769 (0.073)   1.095 (0.094)   0.164 (0.048)     -439.2  0.47
1992     1354     1.853 (0.109)   0.906 (0.072)   1.207 (0.092)  -0.109 (0.047)     -444.4  0.52
1996     1033     1.865 (0.120)   1.038 (0.084)   1.065 (0.108)  -0.246 (0.056)     -319.5  0.55

Note: Probit coefficients with standard errors in parentheses; major-party voters only.

================================================================================
Automated Score: 95.7/100

