Table 1: Party Identification and Presidential Votes, 1952-1996
================================================================================

Year     N       Strong           Weak             Leaners          Intercept        LogLik       Pseudo-R2
---------------------------------------------------------------------------------------------------------
1952     1155     1.594 (0.096)   0.914 (0.077)   0.898 (0.106)   0.624 (0.058)     -479.6  0.39
1956     1260     1.719 (0.098)   0.945 (0.075)   1.019 (0.119)   0.652 (0.056)     -484.8  0.43
1960     882      1.585 (0.108)   0.725 (0.077)   1.215 (0.160)   0.228 (0.056)     -362.0  0.41
1964     1106     1.470 (0.094)   0.547 (0.067)   0.982 (0.122)  -0.343 (0.048)     -445.0  0.36
1968     910      1.773 (0.121)   0.883 (0.080)   0.936 (0.120)   0.445 (0.059)     -362.7  0.42
1972     1584     1.222 (0.079)   0.601 (0.058)   0.727 (0.078)   0.590 (0.040)     -786.9  0.24
1976     1314     1.560 (0.101)   0.744 (0.063)   0.877 (0.085)   0.135 (0.042)     -597.3  0.34
1980     876      1.602 (0.113)   0.926 (0.086)   0.699 (0.107)   0.488 (0.058)     -375.9  0.37
1984     1370     1.596 (0.092)   0.971 (0.072)   1.174 (0.096)   0.451 (0.048)     -511.1  0.45
1988     1190     1.769 (0.107)   0.768 (0.073)   1.095 (0.094)   0.159 (0.048)     -437.5  0.47
1992     1351     1.852 (0.109)   0.906 (0.072)   1.207 (0.092)  -0.115 (0.047)     -442.1  0.52
1996     1030     1.866 (0.120)   1.038 (0.084)   1.066 (0.108)  -0.250 (0.056)     -317.2  0.55

Automated Score: 91.6/100
