## fit
  N       R2   Adj_R2  DF_model  DF_resid  Intercept_unstd
261 0.178136 0.141829      11.0     249.0         2.605148
259 0.151059 0.113252      11.0     247.0         5.195231

## table2_style
 beta_std_model_2A star_2A  beta_std_model_2B star_2B
          0.172712      **           0.124638        
         -0.175129       *           0.041751        
          0.121221                   0.142712       *
         -0.260014     ***          -0.164487       *
         -0.034682                  -0.083246        
          0.015057                   0.008911        
         -0.013193                  -0.079562        
               NaN                        NaN        
          0.055839                  -0.083760        
         -0.005047                   0.124685       *
          0.143111       *          -0.008168        
         -0.062740                   0.099056        

## dv_descriptives
 dv1_dislike_minority_linked_6  dv2_dislike_remaining_12
                   1134.000000               1057.000000
                      2.057319                  3.778619
                      1.576324                  2.515519
                      0.000000                  0.000000
                      1.000000                  2.000000
                      2.000000                  3.000000
                      3.000000                  5.000000
                      6.000000                 12.000000

## model_2A_full
  b_unstd       se         t        p  beta_std star
 2.605148 0.587171  4.436782 0.000014       NaN  ***
 0.148540 0.065345  2.273171 0.023868  0.143111    *
-0.131192 0.034937 -3.755140 0.000216 -0.260014  ***
-0.000001 0.000007 -0.202485 0.839703 -0.013193     
 0.006499 0.007925  0.819994 0.413004  0.055839     
-0.103048 0.173809 -0.592879 0.553800 -0.034682     
 0.016372 0.005978  2.738851 0.006611  0.172712   **
-0.759406 0.306393 -2.478537 0.013856 -0.175129    *
 0.083640 0.333586  0.250729 0.802230  0.015057     
-0.037114 0.431168 -0.086078 0.931474 -0.005047     
 0.410059 0.234851  1.746041 0.082037  0.121221     
 0.000000 0.000000       NaN      NaN       NaN     
-0.191840 0.187616 -1.022517 0.307528 -0.062740     

## model_2B_full
  b_unstd       se         t            p  beta_std star
 5.195231 0.936861  5.545358 7.526961e-08       NaN  ***
-0.013191 0.105178 -0.125420 9.002927e-01 -0.008168     
-0.125930 0.056179 -2.241601 2.587569e-02 -0.164487    *
-0.000013 0.000011 -1.204393 2.295904e-01 -0.079562     
-0.014506 0.012181 -1.190908 2.348330e-01 -0.083760     
-0.377901 0.271202 -1.393432 1.647419e-01 -0.083246     
 0.016773 0.008595  1.951466 5.213200e-02  0.124638     
 0.293084 0.497921  0.588615 5.566575e-01  0.041751     
 0.074995 0.512780  0.146252 8.838416e-01  0.008911     
 1.388980 0.667384  2.081229 3.844326e-02  0.124685    *
 0.732112 0.358827  2.040291 4.238506e-02  0.142712    *
 0.000000 0.000000       NaN          NaN       NaN     
 0.457937 0.297722  1.538139 1.252947e-01  0.099056     