Figure 3: Partisan Voting in Presidential Elections
======================================================================
Estimated Impact of Party Identification on Presidential Vote Propensity
Average probit coefficients, major-party voters only

Year   Avg Coef   JK SE      Strong   Weak     Lean     p_s    p_w    p_l
----------------------------------------------------------------------
1952   1.1418     0.0704     1.594    0.914    0.898    0.400  0.374  0.181
1956   1.1740     0.0712     1.719    0.945    1.019    0.393  0.367  0.149
1960   1.0744     0.0750     1.585    0.725    1.215    0.407  0.385  0.124
1964   0.9653     0.0331     1.470    0.547    0.982    0.419  0.383  0.143
1968   1.1402     0.0688     1.773    0.883    0.936    0.354  0.390  0.180
1972   0.7576     0.0437     1.222    0.601    0.727    0.292  0.404  0.217
1976   0.9371     0.0429     1.560    0.744    0.877    0.298  0.375  0.221
1980   1.0274     0.0577     1.602    0.926    0.699    0.339  0.369  0.204
1984   1.1573     0.0400     1.596    0.971    1.174    0.351  0.339  0.228
1988   1.1821     0.0459     1.769    0.768    1.095    0.387  0.313  0.234
1992   1.2810     0.0338     1.852    0.906    1.207    0.386  0.304  0.241
1996   1.3488     0.0647     1.866    1.038    1.066    0.420  0.332  0.206

Automated Score: 95.2/100
