Figure 6: Partisan Voting in Congressional Elections, Controlling for Incumbency
Score: 96.7/100

SUMMARY - Average Probit Coefficients:
Year      Without_Inc   With_Inc
--------------------------------
1952            1.063        ---
1956            1.191        ---
1958            1.125        ---
1960            1.042        ---
1962            1.125        ---
1964            0.912        ---
1966            0.786        ---
1968            0.788        ---
1970            0.834      0.912
1972            0.760        ---
1974            0.729      0.741
1976            0.677      0.732
1978            0.536      0.644
1980            0.557      0.576
1982            0.773      0.838
1984            0.604      0.649
1986            0.611      0.623
1988            0.712      0.807
1990            0.706      0.691
1992            0.657      0.627
1994            0.796      0.846
1996            0.866      0.966

WITHOUT INCUMBENCY (Table 2 model) - Probit Coefficients:
Year   N      Strong     Weak     Lean    Const  AvgCoef
1952   953     1.492    0.989    0.621    0.249    1.063
1956   1152    1.624    1.150    0.958    0.080    1.191
1958   816     1.619    0.969    0.721   -0.123    1.125
1960   758     1.450    0.941    0.863    0.008    1.042
1962   695     1.695    0.999    0.646   -0.078    1.125
1964   954     1.423    0.680    0.689   -0.233    0.912
1966   665     1.295    0.841    0.362   -0.057    0.786
1968   870     1.294    0.705    0.604    0.133    0.788
1970   681     1.386    0.830    0.553    0.054    0.834
1972   1335    1.225    0.775    0.716   -0.125    0.760
1974   790     1.262    0.656    0.704   -0.200    0.729
1976   1072    1.145    0.676    0.624   -0.124    0.677
1978   1003    0.973    0.648    0.312   -0.126    0.536
1980   859     0.924    0.561    0.495   -0.037    0.557
1982   705     1.263    0.722    0.636   -0.015    0.773
1984   1179    1.119    0.458    0.496   -0.127    0.604
1986   976     1.110    0.520    0.490   -0.200    0.611
1988   1049    0.979    0.714    0.716   -0.269    0.712
1990   801     1.179    0.567    0.673   -0.286    0.706
1992   1367    1.045    0.653    0.552   -0.207    0.657
1994   938     1.331    0.714    0.568    0.081    0.796
1996   1026    1.464    0.697    0.653    0.183    0.866

WITH INCUMBENCY (Table 3 model) - Probit Coefficients:
Year   N      Strong     Weak     Lean   Incumb    Const  AvgCoef
1970   681     1.522    0.894    0.624    0.621    0.140    0.912
1974   790     1.274    0.674    0.715    0.419   -0.173    0.741
1976   1072    1.201    0.742    0.696    0.619    0.030    0.732
1978   1003    1.132    0.722    0.497    0.998    0.007    0.644
1980   859     0.959    0.586    0.496    0.727    0.136    0.576
1982   705     1.435    0.772    0.605    0.799    0.000    0.838
1984   1179    1.178    0.479    0.585    0.823    0.190    0.649
1986   976     1.156    0.490    0.536    0.915   -0.128    0.623
1988   1049    1.122    0.680    0.961    1.083   -0.036    0.807
1990   801     1.122    0.540    0.718    0.964   -0.059    0.691
1992   1367    1.016    0.625    0.503    0.577   -0.053    0.627
1994   938     1.466    0.730    0.580    0.723    0.236    0.846
1996   1026    1.557    0.798    0.798    0.708    0.117    0.966

Scoring breakdown:
  Without Incumbency: 22 years present - 7.5/7.5
  With Incumbency: 13 years present - 7.5/7.5
  Without Inc coefficients within 0.05 of paper: 62/66 -> 18.8/20
  With Inc coefficients within 0.05 of paper: 35/39 -> 17.9/20
  Axis labels/ranges: 15/15
  Visual elements: 15/15
  Layout/appearance: 15/15
  TOTAL: 96.7/100
