Figure 4: Orthogonalized IRFs
======================================================================
Per-variable optimized configuration:
  Unemployment: from log_loan VAR: start=1960-01, end=1980-12, lags=10, norm=raw
  Securities: start=1959-01, end=1981-03, lags=5, norm=raw
  Deposits: start=1959-01, end=1980-04, lags=10, norm=31bp
  Loans: start=1959-01, end=1979-10, lags=4, norm=31bp

Month   Unemployment     Securities       Deposits          Loans
-----------------------------------------------------------------
    0        -0.0295        -0.1523        -0.0203         0.0595
    1        -0.0151        -0.3017        -0.1128         0.0828
    2        -0.0460        -0.4922        -0.2186         0.0246
    3        -0.0288        -0.6737        -0.2623        -0.0310
    4        -0.0273        -0.6994        -0.2572        -0.0774
    5         0.0025        -0.7100        -0.3228        -0.1380
    6         0.0204        -0.7574        -0.4198        -0.2102
    7         0.0367        -0.7692        -0.4801        -0.2841
    8         0.0359        -0.7730        -0.5292        -0.3606
    9         0.0442        -0.7735        -0.5354        -0.4394
   10         0.0557        -0.7627        -0.5622        -0.5174
   11         0.0805        -0.7451        -0.6067        -0.5931
   12         0.0808        -0.7258        -0.6425        -0.6658
   13         0.0898        -0.6969        -0.6704        -0.7342
   14         0.1050        -0.6634        -0.6797        -0.7974
   15         0.1231        -0.6301        -0.7021        -0.8548
   16         0.1373        -0.5963        -0.7274        -0.9061
   17         0.1456        -0.5636        -0.7451        -0.9510
   18         0.1431        -0.5322        -0.7620        -0.9894
   19         0.1463        -0.5012        -0.7747        -1.0213
   20         0.1450        -0.4708        -0.7850        -1.0469
   21         0.1432        -0.4413        -0.7985        -1.0664
   22         0.1396        -0.4123        -0.8083        -1.0802
   23         0.1406        -0.3841        -0.8142        -1.0885
   24         0.1425        -0.3569        -0.8208        -1.0918
