## fit_stats
                          model   n       r2   adj_r2
                  Model 1 (SES) 793 0.107613 0.104220
          Model 2 (Demographic)  37 0.489203 0.343261
Model 3 (Political intolerance)  19 0.588157 0.176314

## tables
{'Model 1 (SES)':        term       beta             p  sig
0  Constant  10.832928  2.000622e-64  ***
1  educ_yrs  -0.329748  1.471664e-15  ***
2    inc_pc  -0.033565  3.634342e-01     
3  prestg80   0.029083  4.757084e-01     , 'Model 2 (Demographic)':          term      beta         p  sig
0    Constant  8.690073  0.136699     
1    educ_yrs -0.795555  0.000895  ***
2      inc_pc  0.182328  0.472232     
3    prestg80  0.425471  0.017826    *
4      female  0.076569  0.626556     
5         age -0.018253  0.914908     
6       black  0.025024  0.897898     
7    hispanic       NaN       NaN     
8   otherrace       NaN       NaN     
9   cons_prot  0.319996  0.058167     
10    norelig       NaN       NaN     
11      south  0.224252  0.120364     , 'Model 3 (Political intolerance)':          term      beta         p sig
0    Constant -7.185114  0.561031    
1    educ_yrs -0.283646  0.466373    
2      inc_pc  0.207455  0.674407    
3    prestg80  0.510764  0.140733    
4      female  0.206254  0.455396    
5         age  0.147711  0.667894    
6       black  0.078812  0.854209    
7    hispanic       NaN       NaN    
8   otherrace       NaN       NaN    
9   cons_prot  0.529036  0.062677    
10    norelig       NaN       NaN    
11      south  0.217989  0.495445    
12  pol_intol  0.313215  0.495088    }

## model_frames
{'Model 1 (SES)':       music_exclusive  educ_yrs        inc_pc  prestg80
0                10.0      11.0  17685.000000      42.0
1                 2.0      16.0  17685.000000      42.0
2                 4.0      16.0  35370.000000      52.0
6                 3.0      12.0  21615.000000      46.0
8                 0.0      18.0  34626.666667      49.0
...               ...       ...           ...       ...
1598              4.0      13.0  25970.000000      72.0
1599             13.0      12.0   9825.000000      46.0
1600             10.0      17.0  51940.000000      65.0
1604              3.0      16.0  21615.000000      49.0
1605              7.0      18.0  14285.324250      44.0

[793 rows x 4 columns], 'Model 2 (Demographic)':       music_exclusive  educ_yrs        inc_pc  ...  cons_prot  norelig  south
15                9.0      14.0  10808.000000  ...        1.0      0.0    0.0
29                0.0      16.0   4421.500000  ...        1.0      0.0    0.0
52                5.0      19.0  10807.500000  ...        1.0      0.0    0.0
121               0.0      15.0  25545.000000  ...        1.0      0.0    0.0
132               8.0      16.0  25970.000000  ...        0.0      0.0    1.0
202               3.0      20.0  53055.000000  ...        1.0      0.0    1.0
267               3.0      10.0   7205.000000  ...        1.0      0.0    0.0
272               2.0      15.0   3602.666667  ...        1.0      0.0    0.0
281               3.0      15.0  17313.333333  ...        0.0      0.0    0.0
283               5.0      12.0   7368.750000  ...        1.0      0.0    0.0
359               2.0      12.0   8842.500000  ...        1.0      0.0    0.0
387              13.0      11.0  10807.500000  ...        1.0      0.0    1.0
391              17.0      14.0   6386.250000  ...        1.0      0.0    1.0
392               1.0      18.0  13263.750000  ...        1.0      0.0    1.0
522               4.0      11.0   2210.750000  ...        0.0      0.0    0.0
697              11.0      14.0  21615.000000  ...        1.0      0.0    1.0
756              10.0      13.0  10807.500000  ...        1.0      0.0    1.0
757              10.0       6.0   2751.000000  ...        1.0      0.0    1.0
758               9.0      12.0   1277.250000  ...        1.0      0.0    1.0
760              12.0       7.0   5714.129700  ...        1.0      0.0    1.0
904               9.0      11.0   4257.666667  ...        1.0      0.0    0.0
906               6.0      13.0   5404.000000  ...        1.0      0.0    0.0
955              17.0       5.0   5109.000000  ...        1.0      0.0    0.0
957              13.0      10.0   8515.000000  ...        1.0      0.0    0.0
976               2.0      13.0   1572.000000  ...        0.0      0.0    1.0
985               6.0      16.0  10807.500000  ...        1.0      0.0    1.0
1022              7.0      12.0   8842.500000  ...        1.0      0.0    1.0
1049              7.0      12.0   9825.000000  ...        1.0      0.0    0.0
1055             11.0      14.0  12772.500000  ...        1.0      0.0    0.0
1214              9.0      12.0   8646.000000  ...        1.0      0.0    0.0
1215              5.0      14.0  12773.000000  ...        0.0      0.0    0.0
1235              5.0      13.0   2702.000000  ...        1.0      0.0    1.0
1252              6.0      13.0  14737.500000  ...        1.0      0.0    1.0
1260              4.0      15.0  14738.000000  ...        1.0      0.0    1.0
1340              9.0       9.0   4323.000000  ...        1.0      0.0    1.0
1410              5.0      14.0  51940.000000  ...        0.0      0.0    0.0
1538              6.0      12.0  25970.000000  ...        1.0      0.0    1.0

[37 rows x 12 columns], 'Model 3 (Political intolerance)':       music_exclusive  educ_yrs        inc_pc  ...  norelig  south  pol_intol
52                5.0      19.0  10807.500000  ...      0.0    0.0        0.0
132               8.0      16.0  25970.000000  ...      0.0    1.0        1.0
267               3.0      10.0   7205.000000  ...      0.0    0.0        5.0
281               3.0      15.0  17313.333333  ...      0.0    0.0        2.0
283               5.0      12.0   7368.750000  ...      0.0    0.0        5.0
387              13.0      11.0  10807.500000  ...      0.0    1.0       11.0
391              17.0      14.0   6386.250000  ...      0.0    1.0        2.0
522               4.0      11.0   2210.750000  ...      0.0    0.0        0.0
697              11.0      14.0  21615.000000  ...      0.0    1.0        5.0
756              10.0      13.0  10807.500000  ...      0.0    1.0       13.0
757              10.0       6.0   2751.000000  ...      0.0    1.0       15.0
758               9.0      12.0   1277.250000  ...      0.0    1.0        9.0
904               9.0      11.0   4257.666667  ...      0.0    0.0        0.0
955              17.0       5.0   5109.000000  ...      0.0    0.0       12.0
976               2.0      13.0   1572.000000  ...      0.0    1.0        5.0
1252              6.0      13.0  14737.500000  ...      0.0    1.0        1.0
1340              9.0       9.0   4323.000000  ...      0.0    1.0       14.0
1410              5.0      14.0  51940.000000  ...      0.0    0.0        3.0
1538              6.0      12.0  25970.000000  ...      0.0    1.0        1.0

[19 rows x 13 columns]}