## ModelA_table2style
 std_beta std_beta_star
 0.137970        0.138*
-0.223364      -0.223**
 0.016484         0.016
 0.042767         0.043
-0.015875        -0.016
 0.082894         0.083
-0.208179        -0.208
 0.013982         0.014
 0.004763         0.005
 0.088089         0.088
      NaN              
 0.000751         0.001
      NaN      2.577***

## ModelB_table2style
 std_beta std_beta_star
-0.008076        -0.008
-0.249269     -0.249***
-0.064992        -0.065
-0.092520        -0.093
-0.075777        -0.076
-0.014658        -0.015
 0.023769         0.024
 0.008117         0.008
 0.115963         0.116
 0.149731        0.150*
      NaN              
 0.162925       0.163**
      NaN      6.727***

## ModelA_betas
 std_beta  p_value std_beta_star
 0.137970 0.037782        0.138*
-0.223364 0.001990      -0.223**
 0.016484 0.799768         0.016
 0.042767 0.538398         0.043
-0.015875 0.791491        -0.016
 0.082894 0.208717         0.083
-0.208179 0.106360        -0.208
 0.013982 0.911240         0.014
 0.004763 0.938770         0.005
 0.088089 0.167101         0.088
      NaN      NaN              
 0.000751 0.990068         0.001

## ModelB_betas
 std_beta  p_value std_beta_star
-0.008076 0.902583        -0.008
-0.249269 0.000436     -0.249***
-0.064992 0.310092        -0.065
-0.092520 0.174048        -0.093
-0.075777 0.198603        -0.076
-0.014658 0.818270        -0.015
 0.023769 0.848525         0.024
 0.008117 0.946606         0.008
 0.115963 0.055279         0.116
 0.149731 0.015796        0.150*
      NaN      NaN              
 0.162925 0.006850       0.163**

## ModelA_full
        b  std_err         t  p_value
 2.576784 0.627116  4.108941 0.000054
 0.152310 0.072930  2.088444 0.037782
-0.116003 0.037120 -3.125077 0.001990
 0.000002 0.000008  0.253921 0.799768
 0.005194 0.008430  0.616097 0.538398
-0.048176 0.182029 -0.264661 0.791491
 0.007467 0.005924  1.260394 0.208717
-0.811193 0.500523 -1.620692 0.106360
 0.059344 0.531812  0.111588 0.911240
 0.029712 0.386397  0.076894 0.938770
 0.267631 0.193143  1.385660 0.167101
 0.000000 0.000000       NaN      NaN
 0.002334 0.187292  0.012461 0.990068

## ModelB_full
        b  std_err         t      p_value
 6.727248 0.946355  7.108587 1.299011e-11
-0.013501 0.110185 -0.122527 9.025826e-01
-0.196449 0.055084 -3.566367 4.358412e-04
-0.000011 0.000011 -1.017154 3.100918e-01
-0.017565 0.012884 -1.363307 1.740477e-01
-0.352371 0.273355 -1.289060 1.986030e-01
-0.001976 0.008591 -0.230020 8.182695e-01
 0.152085 0.795404  0.191205 8.485247e-01
 0.057202 0.853262  0.067039 9.466058e-01
 1.214177 0.630434  1.925939 5.527866e-02
 0.695526 0.286146  2.430667 1.579559e-02
 0.000000 0.000000       NaN          NaN
 0.781346 0.286487  2.727335 6.850492e-03

## fit
                          model   n       r2   adj_r2  constant_unstd   constant_p
Table2_ModelA_dislike_minority6 259 0.141352 0.103113        2.576784 5.410551e-05
  Table2_ModelB_dislike_other12 255 0.182469 0.145461        6.727248 1.299011e-11

## diagnostics
 model   n  racism_score_mean  racism_score_sd  racism_score_missing  education_years_mean  education_years_sd  education_years_missing  hh_income_per_capita_mean  hh_income_per_capita_sd  hh_income_per_capita_missing  occ_prestige_mean  occ_prestige_sd  occ_prestige_missing  female_mean  female_sd  female_missing  age_years_mean  age_years_sd  age_years_missing  black_mean  black_sd  black_missing  hispanic_mean  hispanic_sd  hispanic_missing  other_race_mean  other_race_sd  other_race_missing  cons_protestant_mean  cons_protestant_sd  cons_protestant_missing  no_religion_mean  no_religion_sd  no_religion_missing  south_mean  south_sd  south_missing
ModelA 259           2.355212         1.360389                     0             13.436293            2.891673                        0               13435.305200             12864.246599                             0          42.830116        12.366121                     0     0.571429   0.494872               0       43.698842     16.672465                  0    0.181467  0.385405              0       0.146718     0.353825                 0         0.061776       0.240748                   0              0.575290            0.494299                        0               0.0             0.0                    0    0.370656  0.482981              0
ModelB 255           2.415686         1.377604                     0             13.372549            2.922266                        0               13466.591784             13053.915003                             0          42.549020        12.130845                     0     0.568627   0.495268               0       45.086275     17.082051                  0    0.152941  0.359931              0       0.121569     0.326787                 0         0.050980       0.219958                   0              0.564706            0.495795                        0               0.0             0.0                    0    0.360784  0.480228              0