## ModelA_table
    coef_beta  std_err             t  p_value
-9.540979e-17 0.050643 -1.883984e-15 1.000000
 1.394759e-01 0.055548  2.510893e+00 0.012541
-2.609374e-01 0.062086 -4.202814e+00 0.000034
-3.444955e-02 0.056716 -6.074048e-01 0.544019
 3.034189e-02 0.060043  5.053388e-01 0.613673
-2.579699e-02 0.051485 -5.010577e-01 0.616679
 1.911834e-01 0.055138  3.467350e+00 0.000598
-1.271961e-01 0.056696 -2.243493e+00 0.025557
 3.662900e-03 0.052080  7.033271e-02 0.943973
 7.913633e-02 0.054140  1.461703e+00 0.144816
 2.194823e-02 0.051996  4.221174e-01 0.673226

## ModelB_table
    coef_beta  std_err             t  p_value
 1.040834e-17 0.052998  1.963901e-16 1.000000
-5.081425e-03 0.057628 -8.817566e-02 0.929796
-2.237581e-01 0.066832 -3.348088e+00 0.000919
-9.537441e-02 0.058904 -1.619156e+00 0.106475
-1.233954e-02 0.063595 -1.940346e-01 0.846281
-9.121074e-02 0.053888 -1.692604e+00 0.091580
 9.137762e-02 0.057034  1.602165e+00 0.110182
 1.122279e-01 0.058469  1.919433e+00 0.055887
 1.320502e-01 0.054690  2.414533e+00 0.016360
 8.032806e-02 0.056724  1.416118e+00 0.157789
 1.424243e-01 0.054729  2.602368e+00 0.009723

## ModelA_fit
                          model   n  k       r2   adj_r2
Table2_ModelA_dislike_minority6 327 11 0.189565 0.163918

## ModelB_fit
                        model   n  k       r2   adj_r2
Table2_ModelB_dislike_other12 308 11 0.165781 0.137693