## ModelA_table_full
  b_unstd  std_err         t  p_value  beta_std
 2.546970 0.528617  4.818173 0.000002       NaN
 0.154913 0.057008  2.717378 0.006928  0.145630
-0.136366 0.031271 -4.360782 0.000017 -0.264051
-0.000005 0.000006 -0.733286 0.463906 -0.040446
 0.003021 0.006687  0.451729 0.651762  0.026356
-0.072974 0.150905 -0.483573 0.629011 -0.024067
 0.019686 0.005041  3.905194 0.000114  0.207664
-0.530173 0.236731 -2.239556 0.025787 -0.122183
      NaN      NaN       NaN      NaN       NaN
-0.011617 0.397448 -0.029230 0.976699 -0.001474
 0.233232 0.162038  1.439363 0.150998  0.075971
 0.066111 0.155125  0.426177 0.670257  0.021557

## ModelA_table_paper_style
     coef sig
 0.145630  **
-0.264051 ***
-0.040446    
 0.026356    
-0.024067    
 0.207664 ***
-0.122183   *
      NaN    
-0.001474    
 0.075971    
      NaN    
 0.021557    
 2.546970 ***

## ModelA_fit
                          model   n  k_predictors       r2   adj_r2 dropped_zero_variance_predictors
Table2_ModelA_dislike_minority6 340            10 0.205904 0.181768                      no_religion

## ModelB_table_full
  b_unstd  std_err         t      p_value  beta_std
 5.062068 0.875821  5.779794 1.798506e-08       NaN
 0.015171 0.094386  0.160730 8.724092e-01  0.009003
-0.165666 0.052466 -3.157576 1.744910e-03 -0.206823
-0.000017 0.000010 -1.593377 1.120785e-01 -0.091304
-0.004010 0.010896 -0.368042 7.130890e-01 -0.022631
-0.346924 0.246814 -1.405613 1.608245e-01 -0.073210
 0.018409 0.007886  2.334494 2.019803e-02  0.130060
 0.809191 0.415964  1.945341 5.262335e-02  0.109893
      NaN      NaN       NaN          NaN       NaN
 1.233859 0.639009  1.930897 5.439302e-02  0.102174
 0.391038 0.264787  1.476801 1.407279e-01  0.081916
 0.636664 0.255550  2.491349 1.324021e-02  0.132570

## ModelB_table_paper_style
     coef sig
 0.009003    
-0.206823  **
-0.091304    
-0.022631    
-0.073210    
 0.130060   *
 0.109893    
      NaN    
 0.102174    
 0.081916    
      NaN    
 0.132570   *
 5.062068 ***

## ModelB_fit
                        model   n  k_predictors       r2   adj_r2 dropped_zero_variance_predictors
Table2_ModelB_dislike_other12 326            10 0.165746 0.139262                      no_religion