## ModelA_table
      b_unstd  beta_std  std_err         t  p_value
 2.918765e+00       NaN 0.601003  4.856492 0.000002
 1.289602e-01  0.123465 0.063298  2.037362 0.042544
-1.426213e-01 -0.257382 0.036520 -3.905288 0.000118
-4.779151e-07 -0.004387 0.000007 -0.071409 0.943123
 2.170767e-03  0.019304 0.007255  0.299189 0.765015
-1.016785e-01 -0.034005 0.165604 -0.613985 0.539718
 1.475728e-02  0.160784 0.005432  2.716857 0.006997
-6.097425e-01 -0.149853 0.253663 -2.403750 0.016871
-4.868327e-02 -0.006250 0.433938 -0.112189 0.910753
 3.185237e-01  0.107580 0.173798  1.832721 0.067895
 2.886709e-02  0.009598 0.167332  0.172514 0.863157

## ModelB_table
  b_unstd  beta_std  std_err         t      p_value
 5.345084       NaN 0.975290  5.480510 9.727372e-08
-0.026544 -0.016212 0.101528 -0.261446 7.939482e-01
-0.149177 -0.171172 0.061327 -2.432472 1.564617e-02
-0.000015 -0.088358 0.000011 -1.400574 1.624895e-01
-0.007990 -0.046104 0.011722 -0.681650 4.960444e-01
-0.367296 -0.079248 0.265399 -1.383940 1.675198e-01
 0.013225  0.094163 0.008503  1.555272 1.210526e-01
 0.912602  0.129557 0.443821  2.056239 4.072061e-02
 1.534099  0.135025 0.661625  2.318683 2.115923e-02
 0.403492  0.087808 0.278214  1.450292 1.481377e-01
 0.590038  0.126616 0.271107  2.176403 3.039190e-02

## ModelA_fit
                          model   n  k_params       r2   adj_r2
Table2_ModelA_dislike_minority6 294        11 0.170001 0.140672

## ModelB_fit
                        model   n  k_params       r2  adj_r2
Table2_ModelB_dislike_other12 281        11 0.147803 0.11624