## ModelA_table
 beta_std   b_unstd      p_value sig         t  std_err
 0.123760  0.125483 1.081057e-02   *  2.559613 0.049024
-0.260882 -0.133463 2.230177e-06 *** -4.794675 0.027836
-0.047697 -0.000005 3.362690e-01     -0.962611 0.000005
 0.073877  0.007985 1.627997e-01      1.398048 0.005712
-0.012048 -0.034638 7.886987e-01     -0.268163 0.129167
 0.094611  0.007888 4.651424e-02   *  1.996300 0.003951
-0.152545 -0.596527 2.416709e-03  ** -3.051179 0.195507
 0.025073  0.178833 5.800604e-01      0.553706 0.322975
 0.078896  0.229685 9.460301e-02      1.675196 0.137109
 0.024764  0.071700 5.853363e-01      0.546007 0.131318
      NaN  2.726809 4.292678e-09 ***  5.992433 0.455042

## ModelB_table
 beta_std   b_unstd      p_value sig         t  std_err
-0.001247 -0.002030 9.797539e-01     -0.025392 0.079956
-0.216031 -0.176435 9.448886e-05 *** -3.940657 0.044773
-0.049609 -0.000009 3.206873e-01     -0.994168 0.000009
-0.038925 -0.006754 4.640595e-01     -0.732818 0.009217
-0.071442 -0.328254 1.159321e-01     -1.575186 0.208390
 0.045527  0.006096 3.405350e-01      0.954143 0.006389
 0.055280  0.351184 2.732141e-01      1.097062 0.320113
 0.066770  0.760116 1.444955e-01      1.461852 0.519968
 0.117890  0.548571 1.328870e-02   *  2.486006 0.220664
 0.124563  0.577333 6.799668e-03  **  2.719359 0.212305
      NaN  5.654213 6.898818e-14 ***  7.739602 0.730556

## ModelA_fit
                          model   n  k_predictors       r2   adj_r2 dropped_zero_variance_predictors
Table2_ModelA_dislike_minority6 453            10 0.142025 0.122614                      no_religion

## ModelB_fit
                        model   n  k_predictors       r2   adj_r2 dropped_zero_variance_predictors
Table2_ModelB_dislike_other12 451            10 0.130683 0.110925                      no_religion