## ModelA_table
 beta_std   b_unstd  p_value_reest sig
 0.138431  0.154222       0.068473    
-0.252724 -0.136160       0.001561  **
 0.023640  0.000003       0.749399    
 0.005299  0.000652       0.944927    
-0.037214 -0.115855       0.582488    
 0.149705  0.014609       0.046522   *
-0.192232 -0.782868       0.123257    
 0.062502  0.278833       0.612761    
-0.009150 -0.065043       0.894438    
 0.072656  0.225255       0.307387    
      NaN  0.000000            NaN    
-0.022986 -0.074147       0.734483    
      NaN  2.823195       0.000163 ***

## ModelB_table
 beta_std   b_unstd  p_value_reest sig
-0.013324 -0.022563   8.572147e-01    
-0.260103 -0.213689   1.819593e-03  **
-0.067531 -0.000011   3.620078e-01    
-0.097652 -0.017640   2.136188e-01    
-0.092778 -0.434089   1.725090e-01    
-0.006043 -0.000851   9.351527e-01    
 0.012165  0.079189   9.323403e-01    
 0.070839  0.508773   6.081516e-01    
 0.154067  1.618750   2.658539e-02   *
 0.114144  0.528979   1.081008e-01    
      NaN  0.000000            NaN    
 0.185956  0.893277   7.467398e-03  **
      NaN  7.076801   3.754942e-09 ***

## ModelA_fit
                          model   n  k_predictors       r2   adj_r2
Table2_ModelA_dislike_minority6 203            11 0.165278 0.117205

## ModelB_fit
                        model   n  k_predictors       r2   adj_r2
Table2_ModelB_dislike_other12 197            11 0.194197 0.146284