## ModelA_paper_style
     beta stars  p_value(ours)
 0.139476     *       0.012541
-0.260937   ***       0.000034
-0.034450             0.544019
 0.030342             0.613673
-0.025797             0.616679
 0.191183   ***       0.000598
-0.127196     *       0.025557
      NaN                  NaN
 0.003663             0.943973
 0.079136             0.144816
      NaN                  NaN
 0.021948             0.673226

## ModelB_paper_style
     beta stars  p_value(ours)
-0.005081             0.929796
-0.223758   ***       0.000919
-0.095374             0.106475
-0.012340             0.846281
-0.091211             0.091580
 0.091378             0.110182
 0.112228             0.055887
      NaN                  NaN
 0.132050     *       0.016360
 0.080328             0.157789
      NaN                  NaN
 0.142424    **       0.009723

## ModelA_full
        b  std_err         t  p_value
 2.653629 0.562160  4.720412 0.000004
 0.147383 0.058698  2.510893 0.012541
-0.140430 0.033413 -4.202814 0.000034
-0.000004 0.000006 -0.607405 0.544019
 0.003482 0.006891  0.505339 0.613673
-0.078171 0.156012 -0.501058 0.616679
 0.018187 0.005245  3.467350 0.000598
-0.541779 0.241489 -2.243493 0.025557
 0.029366 0.417535  0.070333 0.943973
 0.241302 0.165083  1.461703 0.144816
 0.067432 0.159747  0.422117 0.673226

## ModelB_full
        b  std_err         t      p_value
 5.673737 0.933009  6.081119 3.663891e-09
-0.008548 0.096942 -0.088176 9.297965e-01
-0.191819 0.057292 -3.348088 9.185849e-04
-0.000017 0.000011 -1.619156 1.064751e-01
-0.002195 0.011311 -0.194035 8.462814e-01
-0.433288 0.255989 -1.692604 9.157964e-02
 0.013284 0.008291  1.602165 1.101820e-01
 0.816515 0.425394  1.919433 5.588746e-02
 1.614179 0.668527  2.414533 1.635975e-02
 0.382078 0.269807  1.416118 1.577889e-01
 0.686045 0.263623  2.602368 9.722650e-03

## ModelA_fit
                          model                      dv   n  k_predictors       r2   adj_r2 dropped_zero_variance
Table2_ModelA_dislike_minority6 dislike_minority_genres 327            10 0.189565 0.163918 hispanic, no_religion

## ModelB_fit
                        model                     dv   n  k_predictors       r2   adj_r2 dropped_zero_variance
Table2_ModelB_dislike_other12 dislike_other12_genres 308            10 0.165781 0.137693 hispanic, no_religion