## ModelA_paper_style
     coef stars coef_with_stars
 0.127231                 0.127
-0.256665    **        -0.257**
 0.036112                 0.036
 0.020208                 0.020
-0.040961                -0.041
 0.146089                 0.146
-0.173109     *         -0.173*
-0.079354                -0.079
-0.020594                -0.021
 0.080673                 0.081
      NaN                      
-0.018521                -0.019
 2.918259   ***        2.918***

## ModelB_paper_style
     coef stars coef_with_stars
-0.018349                -0.018
-0.262724    **        -0.263**
-0.058555                -0.059
-0.089397                -0.089
-0.095404                -0.095
-0.007350                -0.007
 0.059365                 0.059
-0.041682                -0.042
 0.144512     *          0.145*
 0.119252                 0.119
      NaN                      
 0.185757    **         0.186**
 7.147830   ***        7.148***

## ModelA_full
  b_unstd  std_err         t  p_value  beta_std
 2.918259 0.737904  3.954796 0.000108       NaN
 0.141744 0.083581  1.695879 0.091538  0.127231
-0.138282 0.042386 -3.262489 0.001308 -0.256665
 0.000004 0.000008  0.484604 0.628512  0.036112
 0.002486 0.009569  0.259800 0.795298  0.020208
-0.127521 0.210059 -0.607071 0.544525 -0.040961
 0.014256 0.007284  1.957098 0.051793  0.146089
-0.704990 0.333536 -2.113685 0.035840 -0.173109
-0.247439 0.232423 -1.064607 0.288398 -0.079354
-0.146394 0.492723 -0.297111 0.766704 -0.020594
 0.250111 0.218831  1.142943 0.254493  0.080673
-0.059744 0.218168 -0.273842 0.784502 -0.018521

## ModelB_full
  b_unstd  std_err         t      p_value  beta_std
 7.147830 1.159122  6.166590 4.281556e-09       NaN
-0.031073 0.125923 -0.246765 8.053636e-01 -0.018349
-0.215843 0.067808 -3.183152 1.709243e-03 -0.262724
-0.000010 0.000012 -0.777659 4.377633e-01 -0.058555
-0.016149 0.014219 -1.135705 2.575493e-01 -0.089397
-0.446375 0.318895 -1.399756 1.632612e-01 -0.095404
-0.001036 0.010455 -0.099058 9.211998e-01 -0.007350
 0.386426 0.528050  0.731800 4.652169e-01  0.059365
-0.193835 0.345260 -0.561417 5.751930e-01 -0.041682
 1.518352 0.741559  2.047513 4.202127e-02  0.144512
 0.552650 0.328611  1.681775 9.429970e-02  0.119252
 0.892319 0.330011  2.703907 7.491999e-03  0.185757

## ModelA_fit
                          model   n  k       r2   adj_r2 dropped_zero_variance_predictors
Table2_ModelA_dislike_minority6 203 12 0.169086 0.121232                      no_religion

## ModelB_fit
                        model   n  k      r2   adj_r2 dropped_zero_variance_predictors
Table2_ModelB_dislike_other12 197 12 0.19442 0.146521                      no_religion