## ModelA_paper_style
     beta stars
 0.030998      
-0.718822    **
 0.114519      
 0.445509     *
-0.133564      
 0.223384      
-0.159979      
      NaN      
      NaN      
 0.231543      
      NaN      
-0.174464      
 2.754222      

## ModelB_paper_style
     beta stars
 0.067395      
-0.908526     *
 0.114733      
 0.400219      
 0.081203      
-0.235459      
      NaN      
      NaN      
      NaN      
 0.155874      
      NaN      
 0.158088      
 9.156478      

## ModelA_full
  b_unstd  std_err         t  p_value  beta_std
 2.754222 2.166238  1.271431 0.219760  2.754222
 0.047050 0.235123  0.200109 0.843638  0.030998
-0.293172 0.091388 -3.208009 0.004876 -0.718822
 0.000016 0.000029  0.538381 0.596910  0.114519
 0.052457 0.018246  2.874958 0.010075  0.445509
-0.400692 0.455979 -0.878750 0.391117 -0.133564
 0.018598 0.015725  1.182659 0.252331  0.223384
-1.207815 0.985093 -1.226093 0.235963 -0.159979
 1.259649 0.837062  1.504846 0.149709  0.231543
-0.500502 0.400968 -1.248232 0.227939 -0.174464

## ModelB_full
  b_unstd  std_err         t  p_value  beta_std
 9.156478 6.322868  1.448153 0.169598  9.156478
 0.223053 0.756323  0.294917 0.772385  0.067395
-0.766307 0.291963 -2.624675 0.019993 -0.908526
 0.000034 0.000083  0.407413 0.689866  0.114733
 0.109529 0.068229  1.605326 0.130736  0.400219
 0.534131 1.361279  0.392374 0.700690  0.081203
-0.039450 0.047067 -0.838182 0.416010 -0.235459
 1.733072 2.528493  0.685417 0.504273  0.155874
 1.039863 1.324588  0.785047 0.445509  0.158088

## ModelA_fit
                          model                      dv  n  k_params_including_const       r2   adj_r2  dropped_zero_variance_predictors
Table2_ModelA_dislike_minority6 dislike_minority_genres 28                        10 0.725214 0.587821 hispanic, other_race, no_religion

## ModelB_fit
                        model                     dv  n  k_params_including_const       r2   adj_r2         dropped_zero_variance_predictors
Table2_ModelB_dislike_other12 dislike_other12_genres 23                         9 0.530768 0.262635 black, hispanic, other_race, no_religion