## ModelA_paper_style
     beta star  p_value_replication beta_with_stars
 0.139476    *             0.012541          0.139*
-0.260937  ***             0.000034       -0.261***
-0.034450                  0.544019          -0.034
 0.030342                  0.613673           0.030
-0.025797                  0.616679          -0.026
 0.191183  ***             0.000598        0.191***
-0.127196    *             0.025557         -0.127*
      NaN                  0.295890                
 0.003663                  0.943973           0.004
 0.079136                  0.144816           0.079
      NaN                       NaN                
 0.021948                  0.673226           0.022
      NaN  ***             0.000004             ***

## ModelB_paper_style
     beta star  p_value_replication beta_with_stars
-0.005081              9.297965e-01          -0.005
-0.223758  ***         9.185849e-04       -0.224***
-0.095374              1.064751e-01          -0.095
-0.012340              8.462814e-01          -0.012
-0.091211              9.157964e-02          -0.091
 0.091378              1.101820e-01           0.091
 0.112228              5.588746e-02           0.112
      NaN              5.112168e-02                
 0.132050    *         1.635975e-02          0.132*
 0.080328              1.577889e-01           0.080
      NaN                       NaN                
 0.142424   **         9.722650e-03         0.142**
      NaN  ***         3.663891e-09             ***

## ModelA_full
      b_unstd      std_err         t  p_value  beta_std
 2.653629e+00 5.621605e-01  4.720412 0.000004       NaN
 1.473834e-01 5.869759e-02  2.510893 0.012541  0.139476
-1.404302e-01 3.341337e-02 -4.202814 0.000034 -0.260937
-3.891155e-06 6.406197e-06 -0.607405 0.544019 -0.034450
 3.482458e-03 6.891333e-03  0.505339 0.613673  0.030342
-7.817090e-02 1.560118e-01 -0.501058 0.616679 -0.025797
 1.818742e-02 5.245337e-03  3.467350 0.000598  0.191183
-5.417790e-01 2.414890e-01 -2.243493 0.025557 -0.127196
 3.426267e-16 3.272397e-16  1.047021 0.295890       NaN
 2.936636e-02 4.175349e-01  0.070333 0.943973  0.003663
 2.413018e-01 1.650827e-01  1.461703 0.144816  0.079136
 0.000000e+00 0.000000e+00       NaN      NaN       NaN
 6.743201e-02 1.597471e-01  0.422117 0.673226  0.021948

## ModelB_full
      b_unstd      std_err         t      p_value  beta_std
 5.673737e+00 9.330088e-01  6.081119 3.663891e-09       NaN
-8.547931e-03 9.694207e-02 -0.088176 9.297965e-01 -0.005081
-1.918191e-01 5.729213e-02 -3.348088 9.185849e-04 -0.223758
-1.712302e-05 1.057528e-05 -1.619156 1.064751e-01 -0.095374
-2.194758e-03 1.131117e-02 -0.194035 8.462814e-01 -0.012340
-4.332877e-01 2.559889e-01 -1.692604 9.157964e-02 -0.091211
 1.328412e-02 8.291355e-03  1.602165 1.101820e-01  0.091378
 8.165153e-01 4.253939e-01  1.919433 5.588746e-02  0.112228
 1.607035e-15 8.205955e-16  1.958376 5.112168e-02       NaN
 1.614179e+00 6.685266e-01  2.414533 1.635975e-02  0.132050
 3.820783e-01 2.698068e-01  1.416118 1.577889e-01  0.080328
 0.000000e+00 0.000000e+00       NaN          NaN       NaN
 6.860450e-01 2.636234e-01  2.602368 9.722650e-03  0.142424

## ModelA_fit
                          model                      dv   n       r2   adj_r2
Table2_ModelA_dislike_minority6 dislike_minority_genres 327 0.189565 0.163918

## ModelB_fit
                        model                     dv   n       r2   adj_r2
Table2_ModelB_dislike_other12 dislike_other12_genres 308 0.165781 0.137693