## ModelA_table
 beta_std   b_unstd  std_err         t  p_value stars beta_std_with_stars
 0.130876  0.145805 0.083762  1.740711 0.083345                     0.131
-0.251918 -0.135725 0.042433 -3.198589 0.001617    **            -0.252**
 0.023035  0.000003 0.000008  0.311494 0.755765                     0.023
 0.005802  0.000714 0.009429  0.075704 0.939734                     0.006
-0.032114 -0.099979 0.210187 -0.475665 0.634856                    -0.032
 0.151851  0.014818 0.007291  2.032316 0.043506     *              0.152*
-0.148749 -0.605781 0.317645 -1.907098 0.058009                    -0.149
-0.033239 -0.115720 0.244945 -0.472431 0.637159                    -0.033
-0.005930 -0.042152 0.493984 -0.085331 0.932088                    -0.006
 0.075395  0.233746 0.219061  1.067036 0.287303                     0.075
      NaN  0.000000 0.000000       NaN      NaN                          
-0.014599 -0.047092 0.225290 -0.209028 0.834649                    -0.015

## ModelB_table
 beta_std   b_unstd  std_err         t  p_value stars beta_std_with_stars
-0.021989 -0.037236 0.126070 -0.295362 0.768049                    -0.022
-0.259609 -0.213284 0.067377 -3.165545 0.001810    **            -0.260**
-0.068583 -0.000011 0.000012 -0.929055 0.354071                    -0.069
-0.094362 -0.017046 0.014088 -1.209972 0.227834                    -0.094
-0.087272 -0.408328 0.316344 -1.290771 0.198394                    -0.087
-0.004686 -0.000660 0.010440 -0.063238 0.949645                    -0.005
 0.064499  0.419846 0.504028  0.832982 0.405929                     0.064
-0.059795 -0.304126 0.353404 -0.860561 0.390594                    -0.060
 0.158502  1.665345 0.725918  2.294121 0.022907     *              0.159*
 0.116628  0.540491 0.326949  1.653135 0.099999                     0.117
      NaN  0.000000 0.000000       NaN      NaN                          
 0.199935  0.960430 0.341136  2.815387 0.005400    **             0.200**

## ModelA_fit
                          model   n  k_including_const       r2   adj_r2  intercept_unstd
Table2_ModelA_dislike_minority6 203                 12 0.165131 0.117049         2.840206

## ModelB_fit
                        model   n  k_including_const       r2   adj_r2  intercept_unstd
Table2_ModelB_dislike_other12 197                 12 0.196265 0.148476         7.123791

## Paper_style_betas
ModelA_beta ModelB_beta
     0.152*      -0.005
     -0.149       0.064
      0.075       0.117
   -0.252**    -0.260**
     -0.032      -0.087
      0.023      -0.069
     -0.033      -0.060
                       
      0.006      -0.094
     -0.006      0.159*
      0.131      -0.022
     -0.015     0.200**

## Diagnostics
               variable  nonmissing_n         mean          std
dislike_minority_genres          1134     2.057319     1.576324
 dislike_other12_genres          1057     3.778619     2.515519
           racism_score           841     2.382878     1.416196
        education_years          1491    13.412475     2.823835
   hh_income_per_capita          1464 14365.257411 13671.886687
           occ_prestige          1526    43.200524    13.218136
                 female          1606     0.573474     0.494726
              age_years          1601    46.048720    17.360843
                  black          1606     0.111457     0.314795
          hispanic_flag          1076     0.272305     0.445353
             other_race          1606     0.049813     0.217627
        cons_protestant          1023     0.616813     0.486401
            no_religion          1597     0.091421     0.288298
               southern          1606     0.348070     0.476507