## ModelA_paper_style
 std_beta std_beta_star  p_value
 0.123465        0.123* 0.042544
-0.257382     -0.257*** 0.000118
-0.004387        -0.004 0.943123
 0.019304         0.019 0.765015
-0.034005        -0.034 0.539718
 0.160784       0.161** 0.006997
-0.149853       -0.150* 0.016871
      NaN                    NaN
-0.006250        -0.006 0.910753
 0.107580         0.108 0.067895
      NaN                    NaN
 0.009598         0.010 0.863157
      NaN      2.919*** 0.000002

## ModelB_paper_style
 std_beta std_beta_star      p_value
-0.016212        -0.016 7.939482e-01
-0.171172       -0.171* 1.564617e-02
-0.088358        -0.088 1.624895e-01
-0.046104        -0.046 4.960444e-01
-0.079248        -0.079 1.675198e-01
 0.094163         0.094 1.210526e-01
 0.129557        0.130* 4.072061e-02
      NaN                        NaN
 0.135025        0.135* 2.115923e-02
 0.087808         0.088 1.481377e-01
      NaN                        NaN
 0.126616        0.127* 3.039190e-02
      NaN      5.345*** 9.727372e-08

## ModelA_full
            b  std_err         t  p_value  std_beta
 2.918765e+00 0.601003  4.856492 0.000002       NaN
 1.289602e-01 0.063298  2.037362 0.042544  0.123465
-1.426213e-01 0.036520 -3.905288 0.000118 -0.257382
-4.779151e-07 0.000007 -0.071409 0.943123 -0.004387
 2.170767e-03 0.007255  0.299189 0.765015  0.019304
-1.016785e-01 0.165604 -0.613985 0.539718 -0.034005
 1.475728e-02 0.005432  2.716857 0.006997  0.160784
-6.097425e-01 0.253663 -2.403750 0.016871 -0.149853
-4.868327e-02 0.433938 -0.112189 0.910753 -0.006250
 3.185237e-01 0.173798  1.832721 0.067895  0.107580
 2.886709e-02 0.167332  0.172514 0.863157  0.009598

## ModelB_full
        b  std_err         t      p_value  std_beta
 5.345084 0.975290  5.480510 9.727372e-08       NaN
-0.026544 0.101528 -0.261446 7.939482e-01 -0.016212
-0.149177 0.061327 -2.432472 1.564617e-02 -0.171172
-0.000015 0.000011 -1.400574 1.624895e-01 -0.088358
-0.007990 0.011722 -0.681650 4.960444e-01 -0.046104
-0.367296 0.265399 -1.383940 1.675198e-01 -0.079248
 0.013225 0.008503  1.555272 1.210526e-01  0.094163
 0.912602 0.443821  2.056239 4.072061e-02  0.129557
 1.534099 0.661625  2.318683 2.115923e-02  0.135025
 0.403492 0.278214  1.450292 1.481377e-01  0.087808
 0.590038 0.271107  2.176403 3.039190e-02  0.126616

## ModelA_fit
                                                   model                                                         dv   n  k_including_const       r2   adj_r2 dropped_zero_variance_predictors
Table2_ModelA_dislike_Rap_Reggae_Blues_Jazz_Gospel_Latin Dislike count: Rap, Reggae, Blues/R&B, Jazz, Gospel, Latin 294                 11 0.170001 0.140672                      no_religion

## ModelB_fit
                               model                                                                                     dv   n  k_including_const       r2  adj_r2 dropped_zero_variance_predictors
Table2_ModelB_dislike_other12_genres Dislike count: 12 remaining genres (excluding Rap, Reggae, Blues, Jazz, Gospel, Latin) 281                 11 0.147803 0.11624                      no_religion