## ModelA_paper_style
     coef      p_value stars
 2.681795 6.428458e-09      
 0.124182 1.035968e-02     *
-0.259012 2.421460e-06   ***
-0.051312 2.994860e-01      
 0.078884 1.351263e-01      
-0.010194 8.202387e-01      
 0.095652 4.348649e-02     *
-0.148894 2.961420e-03    **
 0.026704 5.546428e-01      
 0.077038 1.017627e-01      
 0.025611 5.718589e-01      

## ModelB_paper_style
     coef      p_value stars
 5.576787 1.935357e-13      
-0.015059 7.576008e-01      
-0.218618 7.781769e-05   ***
-0.050484 3.126102e-01      
-0.022448 6.736970e-01      
-0.069924 1.236060e-01      
 0.054838 2.514835e-01      
 0.033116 5.112465e-01      
 0.067712 1.387773e-01      
 0.114121 1.668012e-02     *
 0.121822 8.052051e-03    **

## ModelA_full
  b_unstd  std_err         t      p_value  beta_std_posthoc
 2.681795 0.452982  5.920306 6.428458e-09               NaN
 0.126037 0.048955  2.574536 1.035968e-02          0.124182
-0.132608 0.027760 -4.776864 2.421460e-06         -0.259012
-0.000006 0.000005 -1.038748 2.994860e-01         -0.051312
 0.008507 0.005683  1.496907 1.351263e-01          0.078884
-0.029245 0.128623 -0.227372 8.202387e-01         -0.010194
 0.007985 0.003944  2.024781 4.348649e-02          0.095652
-0.582739 0.195013 -2.988211 2.961420e-03         -0.148894
 0.190714 0.322553  0.591265 5.546428e-01          0.026704
 0.223903 0.136547  1.639755 1.017627e-01          0.077038
 0.074028 0.130853  0.565735 5.718589e-01          0.025611

## ModelB_full
  b_unstd  std_err         t      p_value  beta_std_posthoc
 5.576787 0.735066  7.586786 1.935357e-13               NaN
-0.024533 0.079441 -0.308823 7.576008e-01         -0.015059
-0.179659 0.045048 -3.988201 7.781769e-05         -0.218618
-0.000009 0.000009 -1.010907 3.126102e-01         -0.050484
-0.003886 0.009222 -0.421358 6.736970e-01         -0.022448
-0.321999 0.208719 -1.542734 1.236060e-01         -0.069924
 0.007349 0.006400  1.148247 2.514835e-01          0.054838
 0.208044 0.316452  0.657427 5.112465e-01          0.033116
 0.776233 0.523414  1.483019 1.387773e-01          0.067712
 0.532400 0.221578  2.402766 1.668012e-02          0.114121
 0.565216 0.212338  2.661872 8.052051e-03          0.121822

## ModelA_fit
                          model   n  k       r2  adj_r2
Table2_ModelA_dislike_minority6 456 11 0.140299 0.12098

## ModelB_fit
                        model   n  k       r2   adj_r2
Table2_ModelB_dislike_other12 456 11 0.121363 0.101618