## ModelA_betas
 beta_std stars
 0.139476     *
-0.260937   ***
-0.034450      
 0.030342      
-0.025797      
 0.191183   ***
-0.127196     *
 0.003663      
 0.079136      
 0.021948      

## ModelB_betas
 beta_std stars
-0.005081      
-0.223758   ***
-0.095374      
-0.012340      
-0.091211      
 0.091378      
 0.112228      
 0.132050     *
 0.080328      
 0.142424    **

## Fit
                          model   n  k_predictors       r2   adj_r2  intercept_unstandardized dropped_predictors_after_standardization
Table2_ModelA_dislike_minority6 327            10 0.189565 0.163918                  2.653629                              no_religion
  Table2_ModelB_dislike_other12 308            10 0.165781 0.137693                  5.673737                              no_religion

## Diagnostics_1993
 nonmissing         mean          std   min      max
     1134.0     2.057319     1.575628  0.00      6.0
     1057.0     3.778619     2.514329  0.00     12.0
      841.0     2.382878     1.415354  0.00      5.0
     1494.0    13.385542     2.883263  0.00     20.0
     1464.0 14365.257411 13667.216529 98.25 103880.0
     1526.0    43.200524    13.213804 17.00     86.0
     1606.0     0.573474     0.494572  0.00      1.0
     1601.0    46.048720    17.355420 18.00     89.0
     1606.0     0.111457     0.314697  0.00      1.0
     1606.0     0.049813     0.217559  0.00      1.0
     1023.0     0.616813     0.486163  0.00      1.0
     1597.0     0.091421     0.288207  0.00      1.0
     1606.0     0.348070     0.476358  0.00      1.0