## ModelA_table_paper_style
 beta_std sig beta_with_sig
 0.110874             0.111
-0.226047  **      -0.226**
-0.007318            -0.007
 0.078826             0.079
-0.017426            -0.017
 0.071864             0.072
-0.179910            -0.180
-0.004611            -0.005
 0.004318             0.004
 0.075950             0.076
 0.016855             0.017
      NaN ***           ***

## ModelB_table_paper_style
 beta_std sig beta_with_sig
-0.036742            -0.037
-0.241442 ***     -0.241***
-0.044092            -0.044
-0.046275            -0.046
-0.062965            -0.063
 0.024914             0.025
 0.062759             0.063
-0.106370            -0.106
 0.064947             0.065
 0.171771  **       0.172**
 0.114509   *        0.115*
      NaN ***           ***

## ModelA_table_full
      b_unstd  std_err         t  p_value  beta_std
 1.187463e-01 0.068256  1.739729 0.083042  0.110874
-1.165672e-01 0.035187 -3.312835 0.001049 -0.226047
-8.458532e-07 0.000007 -0.116851 0.907064 -0.007318
 9.283764e-03 0.007764  1.195748 0.232840  0.078826
-5.169620e-02 0.171661 -0.301153 0.763528 -0.017426
 6.151501e-03 0.005315  1.157423 0.248119  0.071864
-6.818149e-01 0.471418 -1.446305 0.149247 -0.179910
-1.903622e-02 0.497857 -0.038236 0.969527 -0.004611
 2.667049e-02 0.368820  0.072313 0.942406  0.004318
 2.258155e-01 0.182315  1.238604 0.216564  0.075950
 5.110960e-02 0.176444  0.289664 0.772295  0.016855
 2.527285e+00 0.594327  4.252347 0.000029       NaN

## ModelB_table_full
  b_unstd  std_err         t      p_value  beta_std
-0.061118 0.105289 -0.580479 5.620743e-01 -0.036742
-0.193377 0.054278 -3.562720 4.335134e-04 -0.241442
-0.000008 0.000011 -0.708910 4.789897e-01 -0.044092
-0.008465 0.011977 -0.706773 4.803146e-01 -0.046275
-0.290124 0.264799 -1.095637 2.742105e-01 -0.062965
 0.003312 0.008199  0.404007 6.865260e-01  0.024914
 0.369402 0.727198  0.507980 6.118806e-01  0.062759
-0.682056 0.767982 -0.888115 3.752665e-01 -0.106370
 0.623060 0.568932  1.095141 2.744274e-01  0.064947
 0.793210 0.281234  2.820464 5.149772e-03  0.171771
 0.539303 0.272179  1.981432 4.855334e-02  0.114509
 6.066451 0.916794  6.617028 1.951998e-10       NaN

## ModelA_fit
                          model   n  k_predictors       r2   adj_r2 dropped_zero_variance_predictors
Table2_ModelA_dislike_minority6 283            11 0.121296 0.085629                      no_religion

## ModelB_fit
                        model   n  k_predictors       r2   adj_r2 dropped_zero_variance_predictors
Table2_ModelB_dislike_other12 283            11 0.133222 0.098039                      no_religion