## ModelA_table
 coef_beta         t  p_value stars  coef_beta_star
  0.136751  1.810676 0.071762              0.136751
 -0.253065 -3.211402 0.001550    **       -0.253065
  0.023619  0.319394 0.749777              0.023619
  0.004990  0.065110 0.948154              0.004990
 -0.035982 -0.532843 0.594762             -0.035982
  0.149881  2.004780 0.046399     *        0.149881
 -0.179897 -1.364513 0.174012             -0.179897
  0.045223  0.346320 0.729484              0.045223
 -0.009744 -0.141468 0.887649             -0.009744
  0.074344  1.048914 0.295543              0.074344
       NaN       NaN      NaN                   NaN
 -0.023261 -0.343541 0.731570             -0.023261
       NaN  3.851237 0.000160   ***             NaN

## ModelB_table
 coef_beta         t      p_value stars  coef_beta_star
 -0.013324 -0.180172 8.572147e-01             -0.013324
 -0.260103 -3.163990 1.819593e-03    **       -0.260103
 -0.067531 -0.913807 3.620078e-01             -0.067531
 -0.097652 -1.247971 2.136188e-01             -0.097652
 -0.092778 -1.369481 1.725090e-01             -0.092778
 -0.006043 -0.081474 9.351527e-01             -0.006043
  0.012165  0.085016 9.323403e-01              0.012165
  0.070839  0.513590 6.081516e-01              0.070839
  0.154067  2.235423 2.658539e-02     *        0.154067
  0.114144  1.614604 1.081008e-01              0.114144
       NaN       NaN          NaN                   NaN
  0.185956  2.705044 7.467398e-03    **        0.185956
       NaN  6.191595 3.754942e-09   ***             NaN

## ModelA_fit
                          model   n  k_predictors      r2   adj_r2  intercept_unstd
Table2_ModelA_dislike_minority6 203            11 0.16468 0.116572         2.828861

## ModelB_fit
                        model   n  k_predictors       r2   adj_r2  intercept_unstd
Table2_ModelB_dislike_other12 197            11 0.194197 0.146284         7.076801