## ModelA_paper_style
     coef stars coef_star
 0.139476     *    0.139*
-0.260937   *** -0.261***
-0.034450          -0.034
 0.030342           0.030
-0.025797          -0.026
 0.191183   ***  0.191***
-0.127196     *   -0.127*
 0.003663           0.004
 0.079136           0.079
      NaN                
 0.021948           0.022
 2.653629   ***  2.654***

## ModelB_paper_style
     coef stars coef_star
-0.005081          -0.005
-0.223758   *** -0.224***
-0.095374          -0.095
-0.012340          -0.012
-0.091211          -0.091
 0.091378           0.091
 0.112228           0.112
 0.132050     *    0.132*
 0.080328           0.080
      NaN                
 0.142424    **   0.142**
 5.673737   ***  5.674***

## ModelA_full
  b_unstd  std_err         t  p_value  beta_std
 2.653629 0.562160  4.720412 0.000004       NaN
 0.147383 0.058698  2.510893 0.012541  0.139476
-0.140430 0.033413 -4.202814 0.000034 -0.260937
-0.000004 0.000006 -0.607405 0.544019 -0.034450
 0.003482 0.006891  0.505339 0.613673  0.030342
-0.078171 0.156012 -0.501058 0.616679 -0.025797
 0.018187 0.005245  3.467350 0.000598  0.191183
-0.541779 0.241489 -2.243493 0.025557 -0.127196
 0.029366 0.417535  0.070333 0.943973  0.003663
 0.241302 0.165083  1.461703 0.144816  0.079136
 0.067432 0.159747  0.422117 0.673226  0.021948

## ModelB_full
  b_unstd  std_err         t      p_value  beta_std
 5.673737 0.933009  6.081119 3.663891e-09       NaN
-0.008548 0.096942 -0.088176 9.297965e-01 -0.005081
-0.191819 0.057292 -3.348088 9.185849e-04 -0.223758
-0.000017 0.000011 -1.619156 1.064751e-01 -0.095374
-0.002195 0.011311 -0.194035 8.462814e-01 -0.012340
-0.433288 0.255989 -1.692604 9.157964e-02 -0.091211
 0.013284 0.008291  1.602165 1.101820e-01  0.091378
 0.816515 0.425394  1.919433 5.588746e-02  0.112228
 1.614179 0.668527  2.414533 1.635975e-02  0.132050
 0.382078 0.269807  1.416118 1.577889e-01  0.080328
 0.686045 0.263623  2.602368 9.722650e-03  0.142424

## ModelA_fit
                          model   n  k_predictors       r2   adj_r2  weights_used dropped_zero_variance_predictors
Table2_ModelA_dislike_minority6 327            10 0.189565 0.163918         False                      no_religion

## ModelB_fit
                        model   n  k_predictors       r2   adj_r2  weights_used dropped_zero_variance_predictors
Table2_ModelB_dislike_other12 308            10 0.165781 0.137693         False                      no_religion