Table 2: Party Identification and Congressional Votes, 1952-1996
Attempt 5 - NaN VCF0301 treated as pure independent
Score: 96.1/100 (SUCCESS - above 95 threshold)

Year     N       Strong           Weak             Leaners          Intercept        LogLik       Pseudo-R2
--------------------------------------------------------------------------------------------------------------
1952     1013     1.485 (0.097)   0.981 (0.081)   0.616 (0.102)   0.228 (0.051)     -436.2  0.38
1956     1157     1.621 (0.096)   1.148 (0.079)   0.959 (0.115)   0.069 (0.050)     -406.0  0.49
1958     817      1.619 (0.109)   0.969 (0.086)   0.722 (0.145)  -0.120 (0.059)     -289.1  0.47
1960     772      1.450 (0.106)   0.941 (0.089)   0.863 (0.145)   0.008 (0.057)     -316.0  0.41
1962     698      1.695 (0.129)   0.999 (0.092)   0.646 (0.147)  -0.080 (0.063)     -249.8  0.47
1964     957      1.423 (0.096)   0.680 (0.073)   0.689 (0.118)  -0.230 (0.050)     -402.4  0.35
1966     677      1.294 (0.112)   0.840 (0.086)   0.362 (0.130)  -0.066 (0.057)     -319.7  0.31
1968     871      1.293 (0.099)   0.705 (0.075)   0.604 (0.104)   0.131 (0.050)     -431.2  0.28
1970     683      1.384 (0.116)   0.830 (0.087)   0.553 (0.126)   0.048 (0.058)     -315.3  0.33
1972     1337     1.225 (0.084)   0.776 (0.061)   0.716 (0.082)  -0.125 (0.040)     -651.6  0.29
1974     798      1.261 (0.103)   0.656 (0.084)   0.704 (0.107)  -0.206 (0.052)     -379.5  0.29
1976     1079     1.145 (0.087)   0.676 (0.068)   0.624 (0.090)  -0.122 (0.043)     -553.2  0.25
1978     1009     0.973 (0.086)   0.649 (0.073)   0.312 (0.083)  -0.126 (0.043)     -562.5  0.18
1980     859      0.924 (0.088)   0.561 (0.076)   0.495 (0.094)  -0.037 (0.047)     -486.9  0.18
1982     712      1.265 (0.104)   0.724 (0.086)   0.636 (0.122)  -0.007 (0.056)     -340.7  0.30
1984     1185     1.119 (0.078)   0.458 (0.066)   0.497 (0.080)  -0.129 (0.041)     -643.3  0.21
1986     981      1.111 (0.085)   0.520 (0.073)   0.490 (0.090)  -0.197 (0.045)     -512.8  0.22
1988     1054     0.979 (0.075)   0.714 (0.077)   0.717 (0.089)  -0.272 (0.044)     -534.1  0.25
1990     801      1.179 (0.094)   0.567 (0.084)   0.673 (0.107)  -0.286 (0.052)     -378.6  0.28
1992     1370     1.045 (0.072)   0.653 (0.066)   0.552 (0.071)  -0.208 (0.038)     -716.1  0.23
1994     942      1.331 (0.089)   0.714 (0.083)   0.568 (0.091)   0.080 (0.048)     -439.9  0.32
1996     1031     1.465 (0.094)   0.697 (0.074)   0.653 (0.092)   0.184 (0.048)     -466.9  0.35

Key improvement: Treating NaN VCF0301 as pure independent (VCF0301=4) recovered
additional observations and produced exact N matches for 17 of 22 years, with
exact LL matches for 14 of 22 years.
