Table 2: Party Identification and Congressional Votes, 1952-1996
Attempt 2 - Same specification with diagnostics
Score: 93.0/100 (same as attempt 1 - no specification change)

Year     N       Strong           Weak             Leaners          Intercept        LogLik       Pseudo-R2
--------------------------------------------------------------------------------------------------------------
1952     953      1.492 (0.098)   0.989 (0.082)   0.621 (0.102)   0.249 (0.053)     -393.9  0.40
1956     1152     1.624 (0.097)   1.150 (0.079)   0.958 (0.115)   0.080 (0.050)     -402.2  0.50
1958     816      1.619 (0.109)   0.969 (0.086)   0.721 (0.145)  -0.123 (0.059)     -288.3  0.47
1960     758      1.450 (0.106)   0.941 (0.089)   0.863 (0.145)   0.008 (0.058)     -306.3  0.41
1962     695      1.695 (0.129)   0.999 (0.092)   0.646 (0.147)  -0.078 (0.063)     -247.7  0.48
1964     954      1.423 (0.096)   0.680 (0.073)   0.689 (0.118)  -0.233 (0.050)     -400.0  0.35
1966     665      1.295 (0.112)   0.841 (0.086)   0.362 (0.130)  -0.057 (0.058)     -311.5  0.31
1968     870      1.294 (0.099)   0.705 (0.075)   0.604 (0.104)   0.133 (0.050)     -430.4  0.29
1970     681      1.386 (0.116)   0.830 (0.087)   0.553 (0.126)   0.054 (0.058)     -313.8  0.33
1972     1335     1.225 (0.084)   0.775 (0.061)   0.716 (0.082)  -0.125 (0.040)     -650.2  0.29
1974     790      1.262 (0.103)   0.656 (0.084)   0.704 (0.107)  -0.200 (0.052)     -374.5  0.29
1976     1072     1.145 (0.087)   0.676 (0.068)   0.624 (0.090)  -0.124 (0.044)     -548.2  0.25
1978     1003     0.973 (0.086)   0.648 (0.073)   0.312 (0.083)  -0.126 (0.044)     -558.3  0.18
1980     859      0.924 (0.088)   0.561 (0.076)   0.495 (0.094)  -0.037 (0.047)     -486.9  0.18
1982     705      1.263 (0.104)   0.722 (0.086)   0.636 (0.122)  -0.015 (0.057)     -335.8  0.30
1984     1179     1.119 (0.078)   0.458 (0.066)   0.496 (0.080)  -0.127 (0.041)     -639.3  0.21
1986     976      1.110 (0.085)   0.520 (0.073)   0.490 (0.090)  -0.200 (0.045)     -509.1  0.22
1988     1049     0.979 (0.075)   0.714 (0.077)   0.716 (0.089)  -0.269 (0.044)     -531.2  0.25
1990     801      1.179 (0.094)   0.567 (0.084)   0.673 (0.107)  -0.286 (0.052)     -378.6  0.28
1992     1367     1.045 (0.072)   0.653 (0.066)   0.552 (0.071)  -0.207 (0.038)     -714.1  0.23
1994     938      1.331 (0.089)   0.714 (0.083)   0.568 (0.091)   0.081 (0.049)     -437.2  0.33
1996     1026     1.464 (0.094)   0.697 (0.074)   0.653 (0.092)   0.183 (0.048)     -463.6  0.35
