Table-3 style descriptives for music genres
   genre    n  like_very_much_1  like_it_2  mixed_3  dislike_4  dislike_very_5  missing_DK_NA  mean_1_5
 bigband 1606               269        588      290        230              53            176  2.447552
blugrass 1606               145        562      411        255              59            174  2.665503
 country 1606               385        592      364        167              66             32  2.324651
   blues 1606               221        669      367        220              61             68  2.500000
musicals 1606               235        562      369        281              68             91  2.594059
classicl 1606               281        478      371        263             136             77  2.669719
    folk 1606               130        553      472        274              87             90  2.759235
  gospel 1606               356        571      364        197              71             47  2.394484
    jazz 1606               254        540      393        297              69             53  2.605280
   latin 1606                85        325      416        403             144            233  3.142753
moodeasy 1606               251        698      323        200              49             85  2.406969
  newage 1606                48        186      269        429             368            306  3.679231
   opera 1606                73        257      359        515             306             96  3.479470
     rap 1606                44        159      284        433             614             72  3.921773
  reggae 1606                84        362      340        297             217            306  3.154615
 conrock 1606               206        645      296        245             152             62  2.670984
  oldies 1606               405        688      213        172              77             51  2.246302
hvymetal 1606                48        123      189        400             766             80  4.122543